{
  "nbformat": 4,
  "nbformat_minor": 0,
  "metadata": {
    "colab": {
      "name": "GMM.ipynb",
      "provenance": []
    },
    "kernelspec": {
      "name": "python3",
      "display_name": "Python 3"
    }
  },
  "cells": [
    {
      "cell_type": "code",
      "metadata": {
        "id": "diwy_in3Z8cr",
        "outputId": "5d123f6e-2a3c-4d09-f08b-7823fb0c409d",
        "colab": {
          "base_uri": "https://localhost:8080/",
          "height": 1000
        }
      },
      "source": [
        "# Gaussian Mixture Model implementation\n",
        "\n",
        "#necessary packages for importing\n",
        "import numpy as np\n",
        "import pandas as pd\n",
        "from scipy.stats import multivariate_normal\n",
        "import matplotlib.pyplot as plt\n",
        "import plotly.express as px\n",
        "import seaborn as sns\n",
        "from sklearn.decomposition import PCA\n",
        "\n",
        "\n",
        "\n",
        "#Read data from text file as numpy ndarray\n",
        "  \n",
        "data = np.genfromtxt(\"/content/iyer.txt\", dtype='float', delimiter=\"\\t\")                    #change the file name here as required and for the demo data GMM.txt set the delimiter as one empty space Ex: \" \"\n",
        "ground_truth = data[:,1]\n",
        "data = np.delete(data, [0,1], axis=1)\n",
        "\n",
        "dataIds = np.genfromtxt(\"/content/iyer.txt\", delimiter=\"\\t\", dtype=str, usecols=0)           #change the file name here as required\n",
        "\n",
        "\n",
        "\n",
        "C = int(input(\"Enter the number of cluster: \"))\n",
        "#Default initialization for report dataset                                                   #lines 27 to 37 contains the default initialization of the parameters\n",
        "\n",
        "n_iters = 100\n",
        "smooth = 1e-9\n",
        "threshold = 1e-9\n",
        "d = data.shape[1]\n",
        "shape = data.shape\n",
        "n,m = shape\n",
        "initial_pi = np.full(shape = C, fill_value = 1/C)\n",
        "weights = np.full( shape = shape, fill_value = 1/C)\n",
        "random_row = np.random.randint(low = 0, high = n, size = C)\n",
        "initial_mu = [data[row_index,:] for row_index in random_row]\n",
        "initial_sigma = [np.cov(data.T) for _ in range(C)]\n",
        "\n",
        "\n",
        "#initialization parameters values for demo dataset                                           #lines 42 to 52 contains the manual user initialization of the parameters\n",
        "\n",
        "# n_iters = 100                                                                              #To change number of maximum iterations\n",
        "# shape=data.shape\n",
        "# d = data.shape[1]\n",
        "# shape = data.shape\n",
        "# n,m = shape\n",
        "# init_pi = [0.5,0.5] #pi initialization                                                     #To initialize the Pi value\n",
        "# initial_pi = [np.asarray(ele,dtype = float) for ele in init_pi]\n",
        "# init_mu = [[0,0],[1,1]]  #mu initialization                                                #To initialize the Mu value\n",
        "# initial_mu = [np.asarray(ele , dtype = float) for ele in init_mu]\n",
        "# init_sigma = [[[1,1],[1,1]],[[2,2],[2,2]]] #sigma initializatoin                           #To initialize the sigma value\n",
        "# initial_sigma = [np.cov(data.T) for _ in range(C)]\n",
        "\n",
        "mu = initial_mu\n",
        "sigma = initial_sigma\n",
        "pi = initial_pi\n",
        "\n",
        "\n",
        "def  Estep(X, mu, pi,sigma):                                                                  #performs estimation step\n",
        "  N = X.shape[0]\n",
        "  gamma = np.zeros((N,C))\n",
        "  const_c = np.zeros(C)  \n",
        "  # mu = mu if initial_mu is None else initial_mu\n",
        "  # pi = pi if initial_pi is None else initial_pi\n",
        "  # sigma = sigma if initial_sigma is None else initial_sigma\n",
        "  for c in range(C):\n",
        "    distribution = multivariate_normal(mu[c],sigma[c],allow_singular=True)\n",
        "    gamma[:,c] = distribution.pdf(X)\n",
        "    numerator = gamma * pi #smooth value included\n",
        "    denominator = numerator.sum(axis=1)[:,np.newaxis]\n",
        "    cluster_probability = numerator / denominator \n",
        "  return cluster_probability  \n",
        "\n",
        "def Mstep(X, gamma):                                                                        #performs modification step\n",
        "  N = X.shape[0]\n",
        "  C = gamma.shape[1]\n",
        "  d = X.shape[1]\n",
        "  pi = np.mean(gamma, axis = 0)\n",
        "  mu = np.dot(gamma.T, X) / np.sum(gamma, axis = 0)[:,np.newaxis]\n",
        "  for c in range(C):\n",
        "    x = X - mu[c, :]  \n",
        "    gamma_diag = np.diag(gamma[:,c])\n",
        "    x_mu = np.matrix(x)\n",
        "    gamma_diag = np.matrix(gamma_diag)\n",
        "    sigma_c = x.T * gamma_diag * x\n",
        "    sigma[c]=(sigma_c) / np.sum(gamma, axis = 0)[:,np.newaxis][c]\n",
        "  for i,element in enumerate(sigma):\n",
        "    np.fill_diagonal(sigma[i], element.diagonal() + smooth)\n",
        "  return pi,mu,sigma\n",
        "\n",
        "#loss function\n",
        "def loss_function(X,pi,mu,sigma):                                                             #computes overal loss value\n",
        "  N = X.shape[0]\n",
        "  C = gamma.shape[1]\n",
        "  loss = np.zeros((N, C))\n",
        "  for c in range(C):\n",
        "    dist = multivariate_normal(mu[c],sigma[c],allow_singular=True)           #smooth value included\n",
        "    loss[:,c] = gamma[:,c] * (np.log(pi[c]+0.00001)+dist.logpdf(X)-np.log(gamma[:,c]+0.000001))\n",
        "  loss = np.sum(loss)\n",
        "  return loss\n",
        "\n",
        "def jaccard_and_rand(ground_truth,clusterid,data):                                           #computes the metrices Jaccard Coefficient and Rand Index\n",
        "  data_array = np.asarray(data, dtype = float)\n",
        "  true_positive = 0\n",
        "  true_negative = 0\n",
        "  false_positive=0\n",
        "  false_negative=0\n",
        "  for i in range(len(data_array)):\n",
        "    for j in range(len(data_array)):\n",
        "      if ground_truth[i]==ground_truth[j]:\n",
        "        if clusterid[i]==clusterid[j]:\n",
        "          true_positive=true_positive+1\n",
        "        else:\n",
        "          false_negative=false_negative+1\n",
        "      elif ground_truth[i]!=ground_truth[j]:\n",
        "        if clusterid[i]==clusterid[j]:\n",
        "          false_positive=false_positive+1\n",
        "        else:\n",
        "          true_negative=true_negative+1\n",
        "  jaccard=(true_positive)/(true_positive+false_positive+false_negative)\n",
        "  rand=(true_positive+true_negative)/(true_positive+true_negative+false_positive+false_negative)\n",
        "  return jaccard,rand     \n",
        "\n",
        "\n",
        "def PCA_DimensionalityReduction(data,weights):                                                   #performs dimensionality reduction and then visualization\n",
        "  pca_output = PCA(n_components=2).fit_transform(data)\n",
        "  pca_output =np.asarray(pca_output)\n",
        "  weights = np.asarray(weights)\n",
        "  pca_output_df = pd.DataFrame(pca_output, columns=['Component1','Component2'], index=ground_truth)\n",
        "  weights_df = pd.DataFrame(weights)\n",
        "  pca_output_df['cluster_id'] = weights\n",
        "  #plotting using seaborn\n",
        "  lm = sns.lmplot(x='Component1', y='Component2', data=pca_output_df, fit_reg=False, hue='cluster_id')\n",
        "  plt.show()\n",
        "\n",
        "\n",
        "def visualization(data,weights):                                                                  #perfoems only visualization without dimensionality reduction    \n",
        "  data_output =np.asarray(data)\n",
        "  weights = np.asarray(weights)\n",
        "  pca_output_df = pd.DataFrame(data_output, columns=['Column1','Column2'], index=ground_truth)\n",
        "  weights_df = pd.DataFrame(weights)\n",
        "  pca_output_df['cluster_id'] = weights\n",
        "\n",
        "  #plotting using seaborn\n",
        "  lm = sns.lmplot(x='Column1', y='Column2', data=pca_output_df, fit_reg=False, hue='cluster_id')\n",
        "  plt.show()\n",
        "\n",
        "#fitting and predicting                                                                             #fits the model and predicts the labels\n",
        "for i , ele in enumerate(sigma):\n",
        "  np.fill_diagonal(sigma[i],ele.diagonal() + smooth)\n",
        "old_loss = None\n",
        "for run in range(n_iters):  \n",
        "  gamma  = Estep(data,mu,pi,sigma)\n",
        "  pi = gamma.mean(axis=0)\n",
        "  pi,mu,sigma = Mstep(data,gamma)\n",
        "  new_loss = loss_function(data,pi,mu,sigma)\n",
        "  if old_loss !=None and abs(new_loss - old_loss) <= threshold:\n",
        "    break\n",
        "  old_loss = new_loss\n",
        "\n",
        "labels = np.zeros((data.shape[0],C))    \n",
        "for c in range(C):\n",
        "  distribution = multivariate_normal(mean = mu[c], cov = sigma[c], allow_singular=True)\n",
        "  labels[:,c] = distribution.pdf(data)\n",
        "numerator = labels * pi\n",
        "denominator = numerator.sum(axis=1)[:,np.newaxis]\n",
        "weights = numerator / denominator\n",
        "weights  = weights.argmax(1)\n",
        "\n",
        "jacc,rand = jaccard_and_rand(ground_truth,weights,data)\n",
        "print(\"Jaccard Coefficient: \",jacc)\n",
        "print(\"Rand Index: \",rand)\n",
        "print(\"--------------------------------------------\")\n",
        "print(\"printing Mu,Sigma and  Pi values after iteration\")\n",
        "print(\"Pi: \", pi)\n",
        "print(\"Mu: \", mu)\n",
        "print(\"Sigma: \",sigma)\n",
        "\n",
        "\n",
        "#passing Data and predicted labels to PCA when number of attributes in data is > 2 and Visuzlization\n",
        "num_cols = np.shape(data)[1]\n",
        "if num_cols > 2:\n",
        "  PCA_DimensionalityReduction(data,weights)\n",
        "else:\n",
        "  visualization(data, weights)\n"
      ],
      "execution_count": 57,
      "outputs": [
        {
          "output_type": "stream",
          "text": [
            "Enter the number of cluster: 10\n"
          ],
          "name": "stdout"
        },
        {
          "output_type": "stream",
          "text": [
            "/usr/local/lib/python3.6/dist-packages/ipykernel_launcher.py:71: RuntimeWarning:\n",
            "\n",
            "invalid value encountered in true_divide\n",
            "\n"
          ],
          "name": "stderr"
        },
        {
          "output_type": "stream",
          "text": [
            "Jaccard Coefficient:  0.3163932803656748\n",
            "Rand Index:  0.7157608431323399\n",
            "--------------------------------------------\n",
            "printing Mu,Sigma and  Pi values after iteration\n",
            "Pi:  [0.01160542 0.0170846  0.01316829 0.01166656 0.01740812 0.53807492\n",
            " 0.05250018 0.3114126  0.01160542 0.01547389]\n",
            "Mu:  [[ 1.          1.04333333  1.10666667  1.13333334  1.14166666  3.65166667\n",
            "   4.70833334  6.37833334  6.05333334  7.41833334  7.03500001  7.04500001]\n",
            " [ 1.          1.48276252  1.97807679  4.60394492  4.25493939  2.82462747\n",
            "   2.31433329  2.10793672  1.40910491  1.11065749  1.02806676  1.02240114]\n",
            " [ 1.          1.16155335  2.02387298  3.45093949  3.40050291 10.34985263\n",
            "   7.24869471  6.22660981  3.16599926  1.67067292  1.88743879  2.22724637]\n",
            " [ 1.          0.92114235  1.29530559  2.4943451   2.63256073  2.31729037\n",
            "   4.55057285  5.62541266  3.77797472  4.15032525  4.42598447  2.9138755 ]\n",
            " [ 1.          0.94777778  1.06222222  1.44        1.84555556  3.46888889\n",
            "   7.35        8.64666667  5.18444444  3.16333333  2.47777778  2.26888889]\n",
            " [ 1.          0.94528406  0.90307554  0.88171284  0.86660193  0.66730659\n",
            "   0.55251945  0.48820745  0.48580819  0.7304172   0.73178125  0.78345668]\n",
            " [ 1.          1.14117521  1.15972663  1.12329651  1.12608699  0.95165633\n",
            "   1.02680278  1.03400707  1.2118871   2.2363535   3.49884072  5.47554993]\n",
            " [ 1.          0.97373263  1.15942025  1.27172039  1.28271582  1.86594069\n",
            "   1.88471117  2.03516715  1.92269278  1.69050227  1.69574731  1.65275834]\n",
            " [ 1.          1.995       3.27166667  2.925       3.23        9.42833334\n",
            "  17.70000002  6.66333334  3.83833334  2.27166667  1.58        1.52166667]\n",
            " [ 1.          1.97875     4.73125     7.73375     3.45625     2.66125\n",
            "   2.51        2.5925      1.61125     1.54875     1.55        1.41      ]]\n",
            "Sigma:  [matrix([[ 1.00000000e-09,  2.25975782e-32,  3.28692046e-32,\n",
            "          2.90173447e-32,  4.00593431e-32,  8.21730116e-32,\n",
            "          9.86076139e-32,  2.95822842e-31,  2.95822842e-31,\n",
            "          3.28692046e-32,  1.64346023e-31,  1.84889276e-31],\n",
            "        [ 2.25975782e-32,  7.93555565e-02,  5.16444448e-02,\n",
            "          1.41722226e-02,  5.89444439e-02, -4.16222233e-02,\n",
            "         -1.45511112e-01, -3.46727779e-01, -1.99844447e-01,\n",
            "         -2.83977780e-01, -1.51800001e-01,  3.15500018e-02],\n",
            "        [ 2.87605540e-32,  5.16444448e-02,  8.72555570e-02,\n",
            "          6.29111113e-02,  2.62722224e-02,  3.70722219e-02,\n",
            "          4.65944437e-02, -1.23672224e-01, -1.07355557e-01,\n",
            "         -6.85555571e-02,  1.02449999e-01,  3.96533334e-01],\n",
            "        [ 2.90173447e-32,  1.41722226e-02,  6.29111113e-02,\n",
            "          1.34422223e-01, -3.40555549e-02,  4.32961113e-01,\n",
            "          7.61638892e-01,  9.28238892e-01,  8.69022226e-01,\n",
            "          8.85488893e-01,  7.29116669e-01,  7.63133334e-01],\n",
            "        [ 3.80050179e-32,  5.89444439e-02,  2.62722224e-02,\n",
            "         -3.40555549e-02,  1.08247222e-01, -1.15302779e-01,\n",
            "         -2.74730556e-01, -4.05513888e-01, -2.74988890e-01,\n",
            "         -4.11030557e-01, -1.15641666e-01, -4.08249958e-02],\n",
            "        [ 7.39557104e-32, -4.16222233e-02,  3.70722219e-02,\n",
            "          4.32961113e-01, -1.15302779e-01,  2.33904724e+00,\n",
            "          4.04328614e+00,  5.26328615e+00,  5.09094448e+00,\n",
            "          5.21296948e+00,  3.51624169e+00,  2.36022501e+00],\n",
            "        [ 9.86076139e-32, -1.45511112e-01,  4.65944437e-02,\n",
            "          7.61638892e-01, -2.74730556e-01,  4.04328614e+00,\n",
            "          7.08264727e+00,  9.32754728e+00,  8.84585561e+00,\n",
            "          9.17588062e+00,  6.21212504e+00,  4.20872502e+00],\n",
            "        [ 2.95822842e-31, -3.46727779e-01, -1.23672224e-01,\n",
            "          9.28238892e-01, -4.05513888e-01,  5.26328615e+00,\n",
            "          9.32754728e+00,  1.32583473e+01,  1.24259890e+01,\n",
            "          1.22342306e+01,  8.76462505e+00,  5.60820836e+00],\n",
            "        [ 2.95822842e-31, -1.99844447e-01, -1.07355557e-01,\n",
            "          8.69022226e-01, -2.74988890e-01,  5.09094448e+00,\n",
            "          8.84585561e+00,  1.24259890e+01,  1.19858223e+01,\n",
            "          1.15432223e+01,  8.15223339e+00,  5.06246669e+00],\n",
            "        [ 3.28692046e-32, -2.83977780e-01, -6.85555571e-02,\n",
            "          8.85488893e-01, -4.11030557e-01,  5.21296948e+00,\n",
            "          9.17588062e+00,  1.22342306e+01,  1.15432223e+01,\n",
            "          1.21265473e+01,  7.83357505e+00,  4.75529169e+00],\n",
            "        [ 1.64346023e-31, -1.51800001e-01,  1.02449999e-01,\n",
            "          7.29116669e-01, -1.15641666e-01,  3.51624169e+00,\n",
            "          6.21212504e+00,  8.76462505e+00,  8.15223339e+00,\n",
            "          7.83357505e+00,  6.53415837e+00,  5.03854169e+00],\n",
            "        [ 2.17758481e-31,  3.15500018e-02,  3.96533334e-01,\n",
            "          7.63133334e-01, -4.08249958e-02,  2.36022501e+00,\n",
            "          4.20872502e+00,  5.60820836e+00,  5.06246669e+00,\n",
            "          4.75529169e+00,  5.03854169e+00,  5.35969168e+00]]), matrix([[ 1.00000000e-09,  0.00000000e+00,  0.00000000e+00,\n",
            "          0.00000000e+00,  0.00000000e+00,  0.00000000e+00,\n",
            "          0.00000000e+00,  0.00000000e+00,  0.00000000e+00,\n",
            "          0.00000000e+00,  0.00000000e+00,  0.00000000e+00],\n",
            "        [ 0.00000000e+00,  3.78218522e-01,  4.16499716e-01,\n",
            "         -3.26603305e-03,  2.55106824e-01, -2.30944625e-01,\n",
            "         -1.63697937e-01, -9.05357937e-02, -1.11521837e-02,\n",
            "          7.90331521e-03,  1.68871400e-02, -5.12400096e-04],\n",
            "        [ 0.00000000e+00,  4.16499716e-01,  6.44352762e-01,\n",
            "         -5.58415152e-04,  9.40685365e-02, -3.42855961e-01,\n",
            "          1.28092143e-02,  6.93583413e-02,  1.06434772e-01,\n",
            "          1.20980584e-01,  1.08224560e-01,  1.03410574e-01],\n",
            "        [ 0.00000000e+00, -3.26603305e-03, -5.58415152e-04,\n",
            "          1.29095732e+00,  1.59563908e+00,  1.04917500e+00,\n",
            "         -4.32505778e-03, -8.61062731e-02, -6.37572716e-02,\n",
            "          6.37426836e-02,  4.13369768e-02,  1.31843339e-02],\n",
            "        [ 0.00000000e+00,  2.55106824e-01,  9.40685365e-02,\n",
            "          1.59563908e+00,  3.21411176e+00,  1.60155562e+00,\n",
            "         -1.60025787e-01, -1.97634808e-01, -2.45675893e-01,\n",
            "         -1.53382594e-02, -2.16028751e-02, -1.00512991e-01],\n",
            "        [ 0.00000000e+00, -2.30944625e-01, -3.42855961e-01,\n",
            "          1.04917500e+00,  1.60155562e+00,  1.79225237e+00,\n",
            "          1.95193860e-01,  2.32005151e-02, -1.90496062e-01,\n",
            "          8.00994878e-03, -2.74121469e-02, -4.35188331e-02],\n",
            "        [ 0.00000000e+00, -1.63697937e-01,  1.28092143e-02,\n",
            "         -4.32505778e-03, -1.60025787e-01,  1.95193860e-01,\n",
            "          6.24116441e-01,  6.64209807e-01,  3.35546899e-01,\n",
            "          1.98063093e-01,  5.08179184e-02,  7.52352246e-02],\n",
            "        [ 0.00000000e+00, -9.05357937e-02,  6.93583413e-02,\n",
            "         -8.61062731e-02, -1.97634808e-01,  2.32005151e-02,\n",
            "          6.64209807e-01,  7.92660993e-01,  4.17642992e-01,\n",
            "          2.22136232e-01,  4.41929806e-02,  6.20003240e-02],\n",
            "        [ 0.00000000e+00, -1.11521837e-02,  1.06434772e-01,\n",
            "         -6.37572716e-02, -2.45675893e-01, -1.90496062e-01,\n",
            "          3.35546899e-01,  4.17642992e-01,  3.07028309e-01,\n",
            "          1.28375984e-01,  2.70198986e-02,  3.83257637e-02],\n",
            "        [ 0.00000000e+00,  7.90331521e-03,  1.20980584e-01,\n",
            "          6.37426836e-02, -1.53382594e-02,  8.00994878e-03,\n",
            "          1.98063093e-01,  2.22136232e-01,  1.28375984e-01,\n",
            "          1.02169794e-01,  5.95687419e-02,  6.46467610e-02],\n",
            "        [ 0.00000000e+00,  1.68871400e-02,  1.08224560e-01,\n",
            "          4.13369768e-02, -2.16028751e-02, -2.74121469e-02,\n",
            "          5.08179184e-02,  4.41929806e-02,  2.70198986e-02,\n",
            "          5.95687419e-02,  6.64409533e-02,  6.78213914e-02],\n",
            "        [ 0.00000000e+00, -5.12400096e-04,  1.03410574e-01,\n",
            "          1.31843339e-02, -1.00512991e-01, -4.35188331e-02,\n",
            "          7.52352246e-02,  6.20003240e-02,  3.83257637e-02,\n",
            "          6.46467610e-02,  6.78213914e-02,  7.30084263e-02]]), matrix([[ 1.00000000e-09,  0.00000000e+00,  0.00000000e+00,\n",
            "          0.00000000e+00,  0.00000000e+00,  0.00000000e+00,\n",
            "          0.00000000e+00,  0.00000000e+00,  0.00000000e+00,\n",
            "          0.00000000e+00,  0.00000000e+00,  0.00000000e+00],\n",
            "        [ 0.00000000e+00,  1.10564138e-01,  1.78478060e-01,\n",
            "          3.68046673e-01,  6.10596630e-01,  5.57606263e-01,\n",
            "          2.72211816e-01,  2.82694289e-01,  6.88113213e-02,\n",
            "         -4.03705712e-02, -3.07278737e-02,  2.78080299e-03],\n",
            "        [ 0.00000000e+00,  1.78478060e-01,  2.62386148e+00,\n",
            "          6.05330472e+00,  2.64564779e+00,  1.21283165e+01,\n",
            "          9.15645827e+00,  7.92357210e+00,  4.29046223e+00,\n",
            "          9.04141858e-01,  2.30857017e+00,  3.58067503e+00],\n",
            "        [ 0.00000000e+00,  3.68046673e-01,  6.05330472e+00,\n",
            "          1.42413671e+01,  5.20319457e+00,  2.89324810e+01,\n",
            "          2.13948183e+01,  1.82607959e+01,  1.01553623e+01,\n",
            "          2.22269281e+00,  5.53766918e+00,  8.60307688e+00],\n",
            "        [ 0.00000000e+00,  6.10596630e-01,  2.64564779e+00,\n",
            "          5.20319457e+00,  1.22846931e+01,  8.70842467e+00,\n",
            "          9.32700648e+00,  1.04508017e+01,  2.78078753e+00,\n",
            "         -1.71081899e-01, -1.77079722e-01, -7.77070348e-02],\n",
            "        [ 0.00000000e+00,  5.57606263e-01,  1.21283165e+01,\n",
            "          2.89324810e+01,  8.70842467e+00,  6.11238102e+01,\n",
            "          4.44323790e+01,  3.69765756e+01,  2.08224863e+01,\n",
            "          4.78885959e+00,  1.18309178e+01,  1.84163406e+01],\n",
            "        [ 0.00000000e+00,  2.72211816e-01,  9.15645827e+00,\n",
            "          2.13948183e+01,  9.32700648e+00,  4.44323790e+01,\n",
            "          3.50235002e+01,  3.02826662e+01,  1.57921856e+01,\n",
            "          3.49194372e+00,  8.57711338e+00,  1.31206449e+01],\n",
            "        [ 0.00000000e+00,  2.82694289e-01,  7.92357210e+00,\n",
            "          1.82607959e+01,  1.04508017e+01,  3.69765756e+01,\n",
            "          3.02826662e+01,  2.70277927e+01,  1.34279045e+01,\n",
            "          2.77765345e+00,  6.78760306e+00,  1.03491423e+01],\n",
            "        [ 0.00000000e+00,  6.88113213e-02,  4.29046223e+00,\n",
            "          1.01553623e+01,  2.78078753e+00,  2.08224863e+01,\n",
            "          1.57921856e+01,  1.34279045e+01,  7.63728635e+00,\n",
            "          1.77597692e+00,  4.30396277e+00,  6.56749966e+00],\n",
            "        [ 0.00000000e+00, -4.03705712e-02,  9.04141858e-01,\n",
            "          2.22269281e+00, -1.71081899e-01,  4.78885959e+00,\n",
            "          3.49194372e+00,  2.77765345e+00,  1.77597692e+00,\n",
            "          4.78862369e-01,  1.13703826e+00,  1.71531739e+00],\n",
            "        [ 0.00000000e+00, -3.07278737e-02,  2.30857017e+00,\n",
            "          5.53766918e+00, -1.77079722e-01,  1.18309178e+01,\n",
            "          8.57711338e+00,  6.78760306e+00,  4.30396277e+00,\n",
            "          1.13703826e+00,  2.81427986e+00,  4.26486779e+00],\n",
            "        [ 0.00000000e+00,  2.78080299e-03,  3.58067503e+00,\n",
            "          8.60307688e+00, -7.77070348e-02,  1.84163406e+01,\n",
            "          1.31206449e+01,  1.03491423e+01,  6.56749966e+00,\n",
            "          1.71531739e+00,  4.26486779e+00,  6.50668389e+00]]), matrix([[ 1.00000000e-09,  8.17423122e-33, -1.90050876e-31,\n",
            "         -4.08711561e-32,  2.45226937e-32,  2.45226937e-32,\n",
            "         -1.14439237e-31, -3.92363098e-31,  3.10620786e-31,\n",
            "         -4.90453873e-32, -6.21241573e-31, -3.59666174e-31],\n",
            "        [ 8.17423122e-33,  6.74157785e-02,  4.22079312e-02,\n",
            "         -6.65955952e-02, -4.36780201e-02,  1.36220401e-01,\n",
            "          4.35870385e-01,  4.28037424e-01,  1.70584239e-01,\n",
            "          4.97144423e-01,  3.79520656e-01,  4.74714830e-02],\n",
            "        [-1.92094434e-31,  4.22079312e-02,  4.41688922e-01,\n",
            "          2.02370692e-01, -9.59587083e-02,  1.06843373e-01,\n",
            "         -3.95655409e-02, -2.10607535e-01,  7.45609997e-02,\n",
            "         -2.60111661e-01, -5.67223323e-02,  3.05353403e-01],\n",
            "        [-4.08711561e-32, -6.65955952e-02,  2.02370692e-01,\n",
            "          2.17445147e+00,  2.38295587e+00, -1.09456156e+00,\n",
            "         -3.33088333e+00, -4.22594244e+00, -2.27806347e+00,\n",
            "         -3.32128749e+00, -3.47734759e+00, -1.18684069e+00],\n",
            "        [ 1.63484624e-32, -4.36780201e-02, -9.59587083e-02,\n",
            "          2.38295587e+00,  3.40349050e+00, -1.17017364e+00,\n",
            "         -2.75095737e+00, -3.36717516e+00, -2.13769961e+00,\n",
            "         -2.82929041e+00, -3.54422110e+00, -1.77989901e+00],\n",
            "        [ 1.63484624e-32,  1.36220401e-01,  1.06843373e-01,\n",
            "         -1.09456156e+00, -1.17017364e+00,  5.15465810e+00,\n",
            "          1.32937881e+01,  1.52486477e+01,  7.40004366e+00,\n",
            "          1.06978820e+01,  9.20167339e+00,  3.83306908e+00],\n",
            "        [-9.80907746e-32,  4.35870385e-01, -3.95655409e-02,\n",
            "         -3.33088333e+00, -2.75095737e+00,  1.32937881e+01,\n",
            "          3.63559000e+01,  4.23685934e+01,  2.04782522e+01,\n",
            "          2.94068550e+01,  2.50181661e+01,  9.74367142e+00],\n",
            "        [-3.92363098e-31,  4.28037424e-01, -2.10607535e-01,\n",
            "         -4.22594244e+00, -3.36717516e+00,  1.52486477e+01,\n",
            "          4.23685934e+01,  4.97941687e+01,  2.41654548e+01,\n",
            "          3.41223130e+01,  2.91326312e+01,  1.12990047e+01],\n",
            "        [ 3.10620786e-31,  1.70584239e-01,  7.45609997e-02,\n",
            "         -2.27806347e+00, -2.13769961e+00,  7.40004366e+00,\n",
            "          2.04782522e+01,  2.41654548e+01,  1.19459521e+01,\n",
            "          1.63288970e+01,  1.42370753e+01,  5.81865257e+00],\n",
            "        [-4.90453873e-32,  4.97144423e-01, -2.60111661e-01,\n",
            "         -3.32128749e+00, -2.82929041e+00,  1.06978820e+01,\n",
            "          2.94068550e+01,  3.41223130e+01,  1.63288970e+01,\n",
            "          2.45744706e+01,  2.08774066e+01,  7.69425697e+00],\n",
            "        [-6.04893110e-31,  3.79520656e-01, -5.67223323e-02,\n",
            "         -3.47734759e+00, -3.54422110e+00,  9.20167339e+00,\n",
            "          2.50181661e+01,  2.91326312e+01,  1.42370753e+01,\n",
            "          2.08774066e+01,  1.82524058e+01,  7.10700014e+00],\n",
            "        [-3.51491942e-31,  4.74714830e-02,  3.05353403e-01,\n",
            "         -1.18684069e+00, -1.77989901e+00,  3.83306908e+00,\n",
            "          9.74367142e+00,  1.12990047e+01,  5.81865257e+00,\n",
            "          7.69425697e+00,  7.10700014e+00,  3.44338463e+00]]), matrix([[ 1.00000000e-09,  0.00000000e+00,  0.00000000e+00,\n",
            "          0.00000000e+00,  0.00000000e+00,  0.00000000e+00,\n",
            "          0.00000000e+00,  0.00000000e+00,  0.00000000e+00,\n",
            "          0.00000000e+00,  0.00000000e+00,  0.00000000e+00],\n",
            "        [ 0.00000000e+00,  3.42172850e-02,  7.17160494e-03,\n",
            "         -5.42000000e-02, -9.55432099e-02, -1.95135802e-02,\n",
            "          1.29666667e-02, -1.28185185e-02, -5.08790123e-02,\n",
            "         -1.25814815e-02, -1.25827160e-02, -6.54580247e-02],\n",
            "        [ 0.00000000e+00,  7.17160494e-03,  8.95061738e-02,\n",
            "          1.65166667e-01,  1.96209877e-01, -4.99864198e-02,\n",
            "         -1.78033333e-01, -3.13270370e-01, -1.52720988e-01,\n",
            "         -6.41851852e-02, -5.17617284e-02,  2.65802469e-02],\n",
            "        [ 0.00000000e+00, -5.42000000e-02,  1.65166667e-01,\n",
            "          6.96600001e-01,  1.09293333e+00, -7.44111111e-02,\n",
            "         -9.38822222e-01, -4.28500000e-01,  3.34566667e-01,\n",
            "          3.93200000e-01,  3.31300000e-01,  6.51566667e-01],\n",
            "        [ 0.00000000e+00, -9.55432099e-02,  1.96209877e-01,\n",
            "          1.09293333e+00,  2.12198025e+00,  1.50261728e-01,\n",
            "         -2.32077778e+00, -1.26537037e-01,  1.80516420e+00,\n",
            "          1.11799259e+00,  9.20079012e-01,  1.53006173e+00],\n",
            "        [ 0.00000000e+00, -1.95135802e-02, -4.99864198e-02,\n",
            "         -7.44111111e-02,  1.50261728e-01,  5.28320989e-01,\n",
            "          1.23667778e+00,  1.51218519e+00,  1.54319383e+00,\n",
            "          6.44781481e-01,  3.79830864e-01,  4.77309877e-01],\n",
            "        [ 0.00000000e+00,  1.29666667e-02, -1.78033333e-01,\n",
            "         -9.38822222e-01, -2.32077778e+00,  1.23667778e+00,\n",
            "          1.56994444e+01,  9.25751111e+00,  2.42855556e+00,\n",
            "          3.06538889e+00,  8.64566667e-01,  2.26500000e-01],\n",
            "        [ 0.00000000e+00, -1.28185185e-02, -3.13270370e-01,\n",
            "         -4.28500000e-01, -1.26537037e-01,  1.51218519e+00,\n",
            "          9.25751111e+00,  9.28433333e+00,  6.66447037e+00,\n",
            "          5.03364444e+00,  2.56502593e+00,  2.28206296e+00],\n",
            "        [ 0.00000000e+00, -5.08790123e-02, -1.52720988e-01,\n",
            "          3.34566667e-01,  1.80516420e+00,  1.54319383e+00,\n",
            "          2.42855556e+00,  6.66447037e+00,  9.03880247e+00,\n",
            "          5.36370741e+00,  3.20356543e+00,  3.37342716e+00],\n",
            "        [ 0.00000000e+00, -1.25814815e-02, -6.41851852e-02,\n",
            "          3.93200000e-01,  1.11799259e+00,  6.44781481e-01,\n",
            "          3.06538889e+00,  5.03364444e+00,  5.36370741e+00,\n",
            "          4.33444445e+00,  2.49435185e+00,  2.46277037e+00],\n",
            "        [ 0.00000000e+00, -1.25827160e-02, -5.17617284e-02,\n",
            "          3.31300000e-01,  9.20079012e-01,  3.79830864e-01,\n",
            "          8.64566667e-01,  2.56502593e+00,  3.20356543e+00,\n",
            "          2.49435185e+00,  1.56032840e+00,  1.60858642e+00],\n",
            "        [ 0.00000000e+00, -6.54580247e-02,  2.65802469e-02,\n",
            "          6.51566667e-01,  1.53006173e+00,  4.77309877e-01,\n",
            "          2.26500000e-01,  2.28206296e+00,  3.37342716e+00,\n",
            "          2.46277037e+00,  1.60858642e+00,  1.93280988e+00]]), matrix([[ 1.00000000e-09,  0.00000000e+00,  0.00000000e+00,\n",
            "          0.00000000e+00,  0.00000000e+00,  0.00000000e+00,\n",
            "          0.00000000e+00,  0.00000000e+00,  0.00000000e+00,\n",
            "          0.00000000e+00,  0.00000000e+00,  0.00000000e+00],\n",
            "        [ 0.00000000e+00,  3.61852026e-02,  2.20873444e-02,\n",
            "          1.57603745e-02,  1.89409263e-02,  1.15515189e-02,\n",
            "          1.05914911e-02,  1.25023556e-02,  9.63347818e-03,\n",
            "          1.52778430e-03,  2.07804753e-03,  1.22765959e-03],\n",
            "        [ 0.00000000e+00,  2.20873444e-02,  8.44868245e-02,\n",
            "          4.52713471e-02,  1.38349225e-02,  2.11564152e-02,\n",
            "          2.16448117e-02,  1.96998663e-02,  1.22276126e-02,\n",
            "         -1.05004375e-02, -1.38124570e-02, -1.81745237e-02],\n",
            "        [ 0.00000000e+00,  1.57603745e-02,  4.52713471e-02,\n",
            "          4.34205779e-02,  1.29501915e-02,  1.56162707e-02,\n",
            "          1.30692971e-02,  1.12987839e-02,  8.99296288e-03,\n",
            "         -2.83179069e-03, -4.92592175e-03, -6.47101940e-03],\n",
            "        [ 0.00000000e+00,  1.89409263e-02,  1.38349225e-02,\n",
            "          1.29501915e-02,  3.25406095e-02,  1.02994075e-02,\n",
            "          6.09609978e-03,  7.99116714e-03,  6.00364830e-03,\n",
            "          2.89114571e-03,  5.26044800e-03,  5.52939267e-03],\n",
            "        [ 0.00000000e+00,  1.15515189e-02,  2.11564152e-02,\n",
            "          1.56162707e-02,  1.02994075e-02,  3.74739816e-02,\n",
            "          2.56280932e-02,  1.47725475e-02,  1.15128175e-02,\n",
            "         -4.12143329e-03, -2.98499065e-03, -7.61656731e-03],\n",
            "        [ 0.00000000e+00,  1.05914911e-02,  2.16448117e-02,\n",
            "          1.30692971e-02,  6.09609978e-03,  2.56280932e-02,\n",
            "          3.59002363e-02,  2.38533929e-02,  1.63989588e-02,\n",
            "          3.25597406e-03,  1.53371280e-03, -3.87736240e-03],\n",
            "        [ 0.00000000e+00,  1.25023556e-02,  1.96998663e-02,\n",
            "          1.12987839e-02,  7.99116714e-03,  1.47725475e-02,\n",
            "          2.38533929e-02,  2.94738962e-02,  1.97572548e-02,\n",
            "          8.33197697e-03,  8.78616634e-03,  5.63917562e-03],\n",
            "        [ 0.00000000e+00,  9.63347818e-03,  1.22276126e-02,\n",
            "          8.99296288e-03,  6.00364830e-03,  1.15128175e-02,\n",
            "          1.63989588e-02,  1.97572548e-02,  2.97082349e-02,\n",
            "          1.87664573e-02,  2.03442142e-02,  1.87852361e-02],\n",
            "        [ 0.00000000e+00,  1.52778430e-03, -1.05004375e-02,\n",
            "         -2.83179069e-03,  2.89114571e-03, -4.12143329e-03,\n",
            "          3.25597406e-03,  8.33197697e-03,  1.87664573e-02,\n",
            "          5.34574127e-02,  4.98113515e-02,  5.37212475e-02],\n",
            "        [ 0.00000000e+00,  2.07804753e-03, -1.38124570e-02,\n",
            "         -4.92592175e-03,  5.26044800e-03, -2.98499065e-03,\n",
            "          1.53371280e-03,  8.78616634e-03,  2.03442142e-02,\n",
            "          4.98113515e-02,  7.31803120e-02,  7.76386281e-02],\n",
            "        [ 0.00000000e+00,  1.22765959e-03, -1.81745237e-02,\n",
            "         -6.47101940e-03,  5.52939267e-03, -7.61656731e-03,\n",
            "         -3.87736240e-03,  5.63917562e-03,  1.87852361e-02,\n",
            "          5.37212475e-02,  7.76386281e-02,  9.83984742e-02]]), matrix([[ 1.00000000e-09, -2.95176981e-32, -2.90635797e-32,\n",
            "         -2.27059217e-32, -3.95083037e-32, -5.44942120e-32,\n",
            "         -1.81647373e-32,  1.63482636e-32, -1.08988424e-32,\n",
            "         -6.15898125e-32, -6.90260018e-32,  3.99624221e-32],\n",
            "        [-3.04259350e-32,  3.85227483e-02,  4.67669354e-02,\n",
            "          2.30845573e-02,  1.75530298e-02, -2.89872409e-03,\n",
            "          1.23622414e-03, -2.71040489e-02, -1.42880062e-02,\n",
            "          2.54181967e-02,  7.08465848e-02,  1.66877294e-01],\n",
            "        [-2.72471060e-32,  4.67669354e-02,  1.63290387e-01,\n",
            "          8.90519954e-02,  2.51885453e-02, -6.42914384e-03,\n",
            "          7.67394895e-03, -5.48751228e-02, -5.90248779e-02,\n",
            "          4.45628892e-02,  1.58793722e-01,  4.29703880e-01],\n",
            "        [-2.45223954e-32,  2.30845573e-02,  8.90519954e-02,\n",
            "          8.07112079e-02,  1.48494140e-02,  5.70958641e-03,\n",
            "          8.34199461e-03, -3.62326300e-02, -3.94305329e-02,\n",
            "          4.24669308e-03,  4.47290243e-02,  1.84654671e-01],\n",
            "        [-4.01894813e-32,  1.75530298e-02,  2.51885453e-02,\n",
            "          1.48494140e-02,  4.45813754e-02, -1.71588178e-03,\n",
            "         -2.21563787e-03, -1.05474837e-02,  2.28856436e-02,\n",
            "          4.62690954e-02,  6.25830656e-02,  5.22322288e-02],\n",
            "        [-5.63106857e-32, -2.89872409e-03, -6.42914384e-03,\n",
            "          5.70958641e-03, -1.71588178e-03,  4.95797432e-02,\n",
            "          4.48455712e-02,  4.59113223e-02,  5.70739723e-02,\n",
            "          4.10722250e-02,  1.61185285e-03, -6.14817351e-02],\n",
            "        [-1.81647373e-32,  1.23622414e-03,  7.67394895e-03,\n",
            "          8.34199461e-03, -2.21563787e-03,  4.48455712e-02,\n",
            "          6.09551430e-02,  7.02466828e-02,  7.37917960e-02,\n",
            "          2.69436935e-02, -7.13687438e-03, -4.40561035e-02],\n",
            "        [ 1.45317899e-32, -2.71040489e-02, -5.48751228e-02,\n",
            "         -3.62326300e-02, -1.05474837e-02,  4.59113223e-02,\n",
            "          7.02466828e-02,  1.61978620e-01,  1.69904160e-01,\n",
            "          2.86570264e-02, -3.28339566e-02, -1.52619015e-01],\n",
            "        [-1.08988424e-32, -1.42880062e-02, -5.90248779e-02,\n",
            "         -3.94305329e-02,  2.28856436e-02,  5.70739723e-02,\n",
            "          7.37917960e-02,  1.69904160e-01,  2.98118458e-01,\n",
            "          2.09348220e-01,  2.01370050e-01,  4.55069738e-02],\n",
            "        [-6.10221644e-32,  2.54181967e-02,  4.45628892e-02,\n",
            "          4.24669308e-03,  4.62690954e-02,  4.10722250e-02,\n",
            "          2.69436935e-02,  2.86570264e-02,  2.09348220e-01,\n",
            "          5.05976838e-01,  7.52895315e-01,  9.43251237e-01],\n",
            "        [-7.08424756e-32,  7.08465848e-02,  1.58793722e-01,\n",
            "          4.47290243e-02,  6.25830656e-02,  1.61185285e-03,\n",
            "         -7.13687438e-03, -3.28339566e-02,  2.01370050e-01,\n",
            "          7.52895315e-01,  1.40587593e+00,  1.95081626e+00],\n",
            "        [ 5.08612645e-32,  1.66877294e-01,  4.29703880e-01,\n",
            "          1.84654671e-01,  5.22322288e-02, -6.14817351e-02,\n",
            "         -4.40561035e-02, -1.52619015e-01,  4.55069738e-02,\n",
            "          9.43251237e-01,  1.95081626e+00,  3.70136579e+00]]), matrix([[ 1.00000000e-09,  0.00000000e+00,  0.00000000e+00,\n",
            "          0.00000000e+00,  0.00000000e+00,  0.00000000e+00,\n",
            "          0.00000000e+00,  0.00000000e+00,  0.00000000e+00,\n",
            "          0.00000000e+00,  0.00000000e+00,  0.00000000e+00],\n",
            "        [ 0.00000000e+00,  6.17715047e-02,  3.34963716e-02,\n",
            "          3.04703935e-02,  2.83823468e-02, -2.61613811e-02,\n",
            "         -2.20632004e-02, -3.71459469e-02, -1.95171484e-02,\n",
            "          6.62997128e-03,  4.10669820e-04,  1.16055285e-02],\n",
            "        [ 0.00000000e+00,  3.34963716e-02,  2.87429309e-01,\n",
            "          2.56831495e-01,  6.54996636e-02,  5.49519343e-02,\n",
            "          4.55999669e-02,  5.06133758e-03, -2.49922637e-03,\n",
            "         -9.24340873e-02, -8.52558403e-02, -8.47862717e-02],\n",
